Parsed 12 points from CSV file.
array([[ 0.        ,  1.31370773,  2.36815003,  3.45987673,  4.0109631 ,
         3.73913073,  3.29551817,  3.4366006 ,  3.60579307,  2.76151871,
         2.44598324,  1.78056418],
       [ 1.31370773,  0.        ,  1.25245634,  2.41493244,  3.17809283,
         3.28881407,  3.18405157,  3.74853104,  4.17047299,  3.53153069,
         3.60235787,  3.06476459],
       [ 2.36815003,  1.25245634,  0.        ,  1.16383762,  1.98808037,
         2.39083648,  2.62933911,  3.5193258 ,  4.17153858,  3.79321158,
         4.29287099,  4.14109508],
       [ 3.45987673,  2.41493244,  1.16383762,  0.        ,  1.00009298,
         1.90508606,  2.54969656,  3.65360757,  4.45254178,  4.31953839,
         5.10002762,  5.20056211],
       [ 4.0109631 ,  3.17809283,  1.98808037,  1.00009298,  0.        ,
         1.2255181 ,  2.118916  ,  3.27178937,  4.15549344,  4.23475402,
         5.24940082,  5.64887199],
       [ 3.73913073,  3.28881407,  2.39083648,  1.90508606,  1.2255181 ,
         0.        ,  0.97133259,  2.09820908,  3.00140656,  3.22555747,
         4.4147284 ,  5.14955746],
       [ 3.29551817,  3.18405157,  2.62933911,  2.54969656,  2.118916  ,
         0.97133259,  0.        ,  1.1627977 ,  2.04274778,  2.27646261,
         3.53649176,  4.47661493],
       [ 3.4366006 ,  3.74853104,  3.5193258 ,  3.65360757,  3.27178937,
         2.09820908,  1.1627977 ,  0.        ,  0.9486833 ,  1.43431669,
         2.85414735,  4.16329511],
       [ 3.60579307,  4.17047299,  4.17153858,  4.45254178,  4.15549344,
         3.00140656,  2.04274778,  0.9486833 ,  0.        ,  0.98296712,
         2.3549686 ,  3.93842432],
       [ 2.76151871,  3.53153069,  3.79321158,  4.31953839,  4.23475402,
         3.22555747,  2.27646261,  1.43431669,  0.98296712,  0.        ,
         1.44012423,  2.95649844],
       [ 2.44598324,  3.60235787,  4.29287099,  5.10002762,  5.24940082,
         4.4147284 ,  3.53649176,  2.85414735,  2.3549686 ,  1.44012423,
         0.        ,  1.78652316],
       [ 1.78056418,  3.06476459,  4.14109508,  5.20056211,  5.64887199,
         5.14955746,  4.47661493,  4.16329511,  3.93842432,  2.95649844,
         1.78652316,  0.        ]])
